DAV:   1    -1.020000E+01
DAV:   2    -1.024000E+01
  1 F= -.10240000E+01 E0= -.10238000E+01  d E =-.400000E-02
DAV:   1    -1.025000E+01
DAV:   2    -1.026500E+01
  2 F= -.10265000E+01 E0= -.10264000E+01  d E =-.250000E-03
